188
431
59
237
162
249
308
224
358
149
7
65
449
83
298
437
166
263
191
70
285
254
10
467
170
485
217
479
395
99
174
107
67
283
176
137
273
223
461
306
231
468
325
470
48
143
496
330
127
14
45
422
23
140
11
379
365
478
291
277
300
434
433
477
206
397
315
442
230
186
209
494
228
427
309
153
147
443
482
287
290
131
345
134
463
203
151
476
486
244
329
314
447
328
389
413
242
294
77
60
54
258
182
251
272
317
276
235
27
43
284
101
158
34
405
222
275
33
250
210
455
409
366
91
428
464
94
232
297
384
385
343
74
439
267
339
292
457
24
234
71
302
323
179
79
17
168
61
264
356
108
66
85
240
472
121
441
451
207
19
46
62
103
29
483
324
337
304
354
256
274
47
78
440
320
500
130
377
161
50
25
238
171
212
388
184
404
157
368
421
113
473
364
80
198
0
350
490
278
419
373
286
347
84
22
120
144
261
105
400
129
361
454
18
355
16
155
193
225
68
322
38
438
165
40
301
248
429
333
349
369
233
432
178
243
383
446
403
163
376
402
221
265
458
118
90
296
321
498
160
63
497
177
334
219
481
81
378
295
117
167
305
394
185
172
466
133
318
5
115
2
58
229
183
21
313
401
112
410
420
495
197
390
279
425
452
348
288
218
392
42
4
116
239
266
335
474
3
76
393
6
303
132
245
26
152
424
89
175
360
82
211
363
312
72
150
122
41
387
336
37
252
1
199
123
138
204
159
445
352
408
289
200
216
236
86
202
181
281
126
55
262
381
95
75
344
359
180
15
259
391
353
110
307
136
450
367
36
462
396
253
340
227
475
87
241
492
142
141
311
453
416
362
39
88
32
357
164
28
96
73
415
444
351
195
35
205
271
471
370
31
459
491
469
56
194
399
53
192
97
499
341
109
268
293
106
423
327
100
111
226
148
406
124
375
187
246
430
260
220
435
92
208
247
374
270
51
169
460
114
9
145
411
154
12
456
418
255
135
196
93
49
173
372
346
44
13
57
201
213
30
331
64
487
417
282
414
382
125
488
156
280
139
215
480
257
380
426
104
128
146
319
386
412
98
332
299
398
342
69
489
465
119
52
326
102
316
436
484
371
189
310
407
338
269
493
8
20
190
448
